-5.12 28.924713725785892
-5.115 28.662114303695404
-5.11 28.406967572242095
-5.105 28.15947487624312
-5.1 27.919830056250497
-5.095 27.68821925725438
-5.09 27.464820744979843
-5.085 27.24980472996055
-5.08 27.04333319956136
-5.075 26.84555975811633
-5.07 26.656629475339805
-5.065 26.4766787431602
-5.06 26.305835141117473
-5.055 26.14421731045774
-5.05 25.991934837048454
-5.045 25.849088143230567
-5.04 25.715768388713684
-5.035 25.592057380612523
-5.03 25.478027492713114
-5.025 25.37374159404862
-5.02 25.27925298685521
-5.015 25.194605353969187
-5.01 25.11983271571728
-5.005 25.05495939634268
-5.0 25.0
-4.995 24.95495939634268
-4.99 24.919832715717284
-4.985 24.8946053539692
-4.98 24.87925298685522
-4.975 24.873741594048624
-4.97 24.878027492713116
-4.965 24.892057380612528
-4.96 24.915768388713694
-4.955 24.949088143230576
-4.95 24.99193483704846
-4.945 25.044217310457753
-4.94 25.10583514111749
-4.935 25.176678743160203
-4.93 25.25662947533981
-4.925 25.345559758116334
-4.92 25.443333199561373
-4.915 25.54980472996056
-4.91 25.664820744979856
-4.905 25.788219257254383
-4.9 25.919830056250518
-4.895 26.059474876243108
-4.89 26.20696757224213
-4.885 26.36211430369542
-4.88 26.524713725785887
-4.875 26.69455718813454
-4.87 26.871428940713116
-4.865 27.055106346763473
-4.86 27.245360102513107
-4.855 27.441954463470225
-4.85 27.64464747707529
-4.845 27.8531912214787
-4.84 28.06733205021006
-4.835 28.286810842496287
-4.83 28.511363258982872
-4.825 28.740720002604533
-4.82 28.97460708434926
-4.815 29.2127460936522
-4.81 29.454854473153265
-4.805 29.700645797547118
-4.8 29.949830056250537
-4.795 30.20211393960773
-4.79 30.457201128351457
-4.785 30.714792586034566
-4.78 30.974586854142757
-4.775 31.23628034959768
-4.77 31.49956766435699
-4.765 31.76414186681487
-4.76 32.0296948047069
-4.755 32.29591740921873
-4.75 32.56250000000003
-4.745 32.82913259078129
-4.74 33.09550519529313
-4.735 33.361308133185155
-4.73 33.62623233564303
-4.725 33.88996965040234
-4.72 34.15221314585726
-4.715 34.412657413965455
-4.71 34.670998871648564
-4.705 34.92693606039229
-4.7 35.18016994374949
-4.695 35.430404202452905
-4.69 35.67734552684676
-4.685 35.920703906347825
-4.68 36.16019291565076
-4.675 36.395529997395485
-4.67 36.62643674101715
-4.665 36.85263915750373
-4.66 37.073867949789964
-4.655 37.28985877852132
-4.65 37.50035252292473
-4.645 37.7050955365298
-4.64 37.90383989748692
-4.635 38.096343653236545
-4.63 38.2823710592869
-4.625 38.461692811865476
-4.62 38.63408627421413
-4.615 38.799335696304595
-4.61 38.95723242775788
-4.605 39.1075751237569
-4.6 39.2501699437495
-4.595 39.384830742745635
-4.59 39.51137925502015
-4.585 39.62964527003945
-4.58 39.73946680043864
-4.575 39.84069024188368
-4.57 39.9331705246602
-4.565 40.0167712568398
-4.56 40.09136485888252
-4.555 40.156832689542256
-4.55 40.21306516295154
-4.545 40.259961856769436
-4.54 40.297431611286314
-4.535 40.32539261938748
-4.53 40.343772507286886
-4.525 40.35250840595138
-4.52 40.35154701314478
-4.515 40.3408446460308
-4.51 40.32036728428272
-4.505 40.29009060365732
-4.5 40.25
-4.495 40.200090603657316
-4.49 40.14036728428272
-4.485 40.07084464603081
-4.48 39.99154701314478
-4.475 39.90250840595137
-4.47 39.80377250728688
-4.465 39.69539261938747
-4.46 39.577431611286315
-4.455 39.44996185676943
-4.45 39.31306516295154
-4.445 39.166832689542254
-4.44 39.01136485888252
-4.435 38.846771256839794
-4.43 38.67317052466018
-4.425 38.490690241883655
-4.42 38.29946680043863
-4.415 38.09964527003944
-4.41 37.89137925502014
-4.405 37.67483074274563
-4.4 37.45016994374949
-4.395 37.21757512375689
-4.39 36.97723242775786
-4.385 36.72933569630458
-4.38 36.474086274214116
-4.375 36.21169281186546
-4.37 35.94237105928689
-4.365 35.66634365323654
-4.36 35.3838398974869
-4.355 35.09509553652979
-4.35 34.800352522924705
-4.345 34.4998587785213
-4.34 34.19386794978995
-4.335 33.882639157503704
-4.33 33.566436741017135
-4.325 33.245529997395465
-4.32 32.920192915650745
-4.315 32.59070390634781
-4.31 32.257345526846734
-4.305 31.920404202452882
-4.3 31.58016994374946
-4.295 31.236936060392267
-4.29 30.89099887164854
-4.285 30.54265741396544
-4.28 30.192213145857245
-4.275 29.839969650402328
-4.27 29.486232335643006
-4.265 29.131308133185126
-4.26 28.7755051952931
-4.255 28.419132590781267
-4.25 28.062500000000007
-4.245 27.70591740921871
-4.24 27.34969480470688
-4.235 26.994141866814854
-4.23 26.639567664356978
-4.225 26.286280349597654
-4.22 25.934586854142736
-4.215 25.584792586034542
-4.21 25.237201128351437
-4.205 24.89211393960771
-4.2 24.549830056250517
-4.195 24.210645797547098
-4.19 23.874854473153253
-4.185 23.54274609365217
-4.18 23.214607084349236
-4.175 22.890720002604514
-4.17 22.57136325898285
-4.165 22.256810842496275
-4.16 21.947332050210036
-4.155 21.643191221478688
-4.15 21.344647477075277
-4.145 21.0519544634702
-4.14 20.765360102513082
-4.135 20.48510634676345
-4.13 20.2114289407131
-4.125 19.944557188134524
-4.12 19.684713725785873
-4.115 19.432114303695407
-4.11 19.186967572242125
-4.105 18.9494748762431
-4.1 18.719830056250498
-4.095 18.498219257254366
-4.09 18.284820744979843
-4.085 18.07980472996055
-4.08 17.883333199561363
-4.075 17.695559758116328
-4.07 17.516629475339805
-4.065 17.3466787431602
-4.06 17.185835141117472
-4.055 17.03421731045774
-4.05 16.891934837048456
-4.045 16.759088143230567
-4.04 16.635768388713682
-4.035 16.522057380612527
-4.03 16.41802749271312
-4.025 16.323741594048624
-4.02 16.23925298685521
-4.015 16.164605353969193
-4.01 16.099832715717284
-4.005 16.044959396342684
-4.0 16.0
-3.995 15.964959396342685
-3.99 15.939832715717285
-3.985 15.924605353969202
-3.98 15.919252986855225
-3.975 15.923741594048625
-3.97 15.938027492713113
-3.965 15.962057380612526
-3.96 15.995768388713687
-3.955 16.039088143230572
-3.95 16.091934837048463
-3.945 16.154217310457746
-3.94 16.225835141117496
-3.935 16.30667874316019
-3.93 16.3966294753398
-3.925 16.495559758116336
-3.92 16.60333319956137
-3.915 16.71980472996056
-3.91 16.844820744979856
-3.905 16.978219257254395
-3.9 17.11983005625053
-3.895 17.269474876243113
-3.89 17.426967572242113
-3.885 17.592114303695418
-3.88 17.76471372578589
-3.875 17.94455718813454
-3.87 18.131428940713114
-3.865 18.32510634676347
-3.86 18.525360102513126
-3.855 18.73195446347024
-3.85 18.944647477075264
-3.845 19.1631912214787
-3.84 19.387332050210052
-3.835 19.616810842496292
-3.83 19.851363258982865
-3.825 20.090720002604534
-3.82 20.334607084349287
-3.815 20.58274609365219
-3.81 20.834854473153236
-3.805 21.090645797547083
-3.8 21.349830056250532
-3.795 21.612113939607735
-3.79 21.87720112835146
-3.785 22.144792586034562
-3.78 22.41458685414279
-3.775 22.68628034959771
-3.77 22.959567664356953
-3.765 23.234141866814873
-3.76 23.509694804706896
-3.755 23.785917409218726
-3.75 24.06250000000003
-3.745 24.33913259078129
-3.74 24.61550519529312
-3.735 24.891308133185145
-3.73 25.166232335643063
-3.725 25.439969650402308
-3.72 25.712213145857227
-3.715 25.982657413965455
-3.71 26.25099887164856
-3.705 26.516936060392286
-3.7 26.780169943749485
-3.695 27.040404202452937
-3.69 27.297345526846783
-3.685 27.550703906347827
-3.68 27.80019291565073
-3.675 28.045529997395484
-3.67 28.286436741017148
-3.665 28.52263915750373
-3.66 28.753867949789964
-3.655 28.97985877852131
-3.65 29.20035252292475
-3.645 29.415095536529773
-3.64 29.62383989748689
-3.635 29.826343653236545
-3.63 30.0223710592869
-3.625 30.211692811865476
-3.62 30.394086274214125
-3.615 30.569335696304595
-3.61 30.7372324277579
-3.605 30.8975751237569
-3.6 31.05016994374948
-3.595 31.194830742745612
-3.59 31.331379255020156
-3.585 31.459645270039445
-3.58 31.579466800438638
-3.575 31.690690241883672
-3.57 31.793170524660212
-3.565 31.886771256839815
-3.56 31.971364858882513
-3.555 32.046832689542256
-3.55 32.11306516295154
-3.545 32.16996185676943
-3.54 32.217431611286315
-3.535 32.25539261938748
-3.53 32.28377250728689
-3.525 32.30250840595138
-3.52 32.311547013144775
-3.515 32.3108446460308
-3.51 32.300367284282714
-3.505 32.280090603657314
-3.5 32.25
-3.495 32.21009060365732
-3.49 32.16036728428272
-3.485 32.100844646030794
-3.48 32.031547013144774
-3.475 31.952508405951377
-3.47 31.86377250728689
-3.465 31.76539261938747
-3.46 31.657431611286313
-3.455 31.539961856769423
-3.45 31.41306516295154
-3.445 31.276832689542253
-3.44 31.131364858882502
-3.435 30.97677125683981
-3.43 30.8131705246602
-3.425 30.64069024188366
-3.42 30.459466800438626
-3.415 30.26964527003944
-3.41 30.071379255020148
-3.405 29.864830742745603
-3.4 29.650169943749468
-3.395 29.42757512375689
-3.39 29.19723242775789
-3.385 28.95933569630458
-3.38 28.71408627421411
-3.375 28.46169281186546
-3.37 28.20237105928689
-3.365 27.936343653236534
-3.36 27.663839897486874
-3.355 27.385095536529757
-3.35 27.100352522924737
-3.345 26.809858778521303
-3.34 26.513867949789947
-3.335 26.21263915750371
-3.33 25.90643674101714
-3.325 25.595529997395467
-3.32 25.28019291565071
-3.315 24.960703906347806
-3.31 24.63734552684677
-3.305 24.310404202452922
-3.3 23.980169943749466
-3.295 23.64693606039227
-3.29 23.310998871648543
-3.285 22.97265741396544
-3.28 22.632213145857207
-3.275 22.28996965040229
-3.27 21.946232335643046
-3.265 21.60130813318513
-3.26 21.255505195293104
-3.255 20.909132590781272
-3.25 20.56250000000001
-3.245 20.21591740921871
-3.24 19.86969480470688
-3.235 19.52414186681485
-3.23 19.179567664356938
-3.225 18.83628034959769
-3.22 18.494586854142774
-3.215 18.154792586034542
-3.21 17.81720112835144
-3.205 17.482113939607714
-3.2 17.149830056250522
-3.195 16.820645797547062
-3.19 16.494854473153215
-3.185 16.172746093652172
-3.18 15.854607084349274
-3.175 15.540720002604514
-3.17 15.23136325898285
-3.165 14.926810842496275
-3.16 14.62733205021004
-3.155 14.333191221478685
-3.15 14.044647477075248
-3.145 13.761954463470229
-3.14 13.485360102513114
-3.135 13.215106346763449
-3.13 12.9514289407131
-3.125 12.694557188134524
-3.12 12.444713725785874
-3.115 12.20211430369541
-3.11 11.966967572242101
-3.105 11.7394748762431
-3.1 11.51983005625052
-3.095 11.30821925725439
-3.09 11.104820744979845
-3.085 10.909804729960554
-3.08 10.723333199561363
-3.075 10.545559758116331
-3.07 10.376629475339792
-3.065 10.216678743160182
-3.06 10.065835141117487
-3.055 9.924217310457742
-3.05 9.791934837048455
-3.045 9.669088143230567
-3.04 9.555768388713682
-3.035 9.452057380612525
-3.03 9.358027492713111
-3.025 9.273741594048621
-3.02 9.199252986855221
-3.015 9.1346053539692
-3.01 9.079832715717282
-3.005 9.034959396342686
-3.0 9.0
-2.995 8.974959396342683
-2.99 8.959832715717285
-2.985 8.9546053539692
-2.98 8.959252986855223
-2.975 8.973741594048626
-2.97 8.998027492713115
-2.965 9.032057380612526
-2.96 9.075768388713689
-2.955 9.129088143230572
-2.95 9.191934837048462
-2.945 9.264217310457745
-2.94 9.345835141117494
-2.935 9.43667874316019
-2.93 9.536629475339799
-2.925 9.645559758116336
-2.92 9.76333319956137
-2.915 9.889804729960561
-2.91 10.024820744979854
-2.905 10.168219257254396
-2.9 10.319830056250531
-2.895 10.479474876243112
-2.89 10.64696757224211
-2.885 10.822114303695418
-2.88 11.004713725785884
-2.875 11.194557188134537
-2.87 11.391428940713109
-2.865 11.595106346763462
-2.86 11.805360102513125
-2.855 12.021954463470243
-2.85 12.244647477075262
-2.845 12.4731912214787
-2.84 12.707332050210052
-2.835 12.946810842496287
-2.83 13.191363258982864
-2.825 13.44072000260453
-2.82 13.694607084349283
-2.815 13.952746093652188
-2.81 14.214854473153231
-2.805 14.48064579754708
-2.8 14.749830056250532
-2.795 15.022113939607728
-2.79 15.297201128351457
-2.785 15.574792586034558
-2.78 15.85458685414279
-2.775 16.136280349597705
-2.77 16.419567664356954
-2.765 16.70414186681487
-2.76 16.989694804706893
-2.755 17.275917409218728
-2.75 17.562500000000025
-2.745 17.849132590781288
-2.74 18.13550519529312
-2.735 18.421308133185143
-2.73 18.706232335643058
-2.725 18.98996965040231
-2.72 19.272213145857226
-2.715 19.552657413965452
-2.71 19.83099887164856
-2.705 20.106936060392286
-2.7 20.38016994374948
-2.695 20.650404202452933
-2.69 20.917345526846784
-2.685 21.180703906347823
-2.68 21.440192915650726
-2.675 21.695529997395482
-2.67 21.946436741017152
-2.665 22.192639157503724
-2.66 22.433867949789963
-2.655 22.669858778521313
-2.65 22.900352522924752
-2.645 23.12509553652977
-2.64 23.343839897486884
-2.635 23.556343653236546
-2.63 23.7623710592869
-2.625 23.961692811865476
-2.62 24.154086274214123
-2.615 24.339335696304595
-2.61 24.5172324277579
-2.605 24.687575123756897
-2.6 24.850169943749478
-2.595 25.00483074274561
-2.59 25.15137925502015
-2.585 25.289645270039443
-2.58 25.419466800438638
-2.575 25.54069024188367
-2.57 25.65317052466021
-2.565 25.75677125683982
-2.56 25.851364858882512
-2.555 25.936832689542257
-2.55 26.01306516295154
-2.545 26.07996185676943
-2.54 26.13743161128631
-2.535 26.18539261938748
-2.53 26.22377250728689
-2.525 26.25250840595138
-2.52 26.27154701314478
-2.515 26.2808446460308
-2.51 26.28036728428272
-2.505 26.270090603657316
-2.5 26.25
-2.495 26.22009060365732
-2.49 26.180367284282717
-2.485 26.130844646030795
-2.48 26.07154701314478
-2.475 26.002508405951378
-2.47 25.92377250728689
-2.465 25.83539261938747
-2.46 25.73743161128631
-2.455 25.62996185676943
-2.45 25.51306516295154
-2.445 25.386832689542246
-2.44 25.25136485888251
-2.435 25.106771256839814
-2.43 24.953170524660198
-2.425 24.79069024188367
-2.42 24.61946680043863
-2.415 24.43964527003943
-2.41 24.251379255020154
-2.405 24.054830742745605
-2.4 23.85016994374947
-2.395 23.6375751237569
-2.39 23.41723242775789
-2.385 23.189335696304582
-2.38 22.954086274214106
-2.375 22.711692811865465
-2.37 22.46237105928689
-2.365 22.206343653236523
-2.36 21.94383989748689
-2.355 21.67509553652976
-2.35 21.400352522924727
-2.345 21.119858778521316
-2.34 20.833867949789948
-2.335 20.54263915750371
-2.33 20.246436741017156
-2.325 19.94552999739547
-2.32 19.640192915650715
-2.315 19.330703906347793
-2.31 19.01734552684677
-2.305 18.700404202452923
-2.3 18.38016994374945
-2.295 18.05693606039229
-2.29 17.730998871648545
-2.285 17.402657413965425
-2.28 17.07221314585723
-2.275 16.739969650402294
-2.27 16.40623233564303
-2.265 16.07130813318515
-2.26 15.735505195293104
-2.255 15.399132590781276
-2.25 15.062499999999995
-2.245 14.725917409218713
-2.24 14.389694804706883
-2.235 14.054141866814838
-2.23 13.719567664356958
-2.225 13.386280349597696
-2.22 13.054586854142759
-2.215 12.724792586034564
-2.21 12.397201128351444
-2.205 12.0721139396077
-2.2 11.749830056250538
-2.195 11.430645797547065
-2.19 11.114854473153217
-2.185 10.802746093652196
-2.18 10.494607084349276
-2.175 10.190720002604518
-2.17 9.891363258982835
-2.165 9.596810842496279
-2.16 9.307332050210043
-2.155 9.023191221478672
-2.15 8.744647477075263
-2.145 8.471954463470231
-2.14 8.2053601025131
-2.135 7.945106346763469
-2.13 7.6914289407131005
-2.125 7.444557188134528
-2.12 7.20471372578589
-2.115 6.9721143036954105
-2.11 6.746967572242101
-2.105 6.529474876243091
-2.1 6.319830056250522
-2.095 6.11821925725439
-2.09 5.924820744979838
-2.085 5.739804729960563
-2.08 5.563333199561365
-2.075 5.395559758116324
-2.07 5.2366294753398
-2.065 5.086678743160183
-2.06 4.945835141117485
-2.055 4.8142173104577495
-2.05 4.691934837048457
-2.045 4.5790881432305675
-2.04 4.475768388713687
-2.035 4.382057380612526
-2.03 4.298027492713109
-2.025 4.2237415940486205
-2.02 4.159252986855222
-2.015 4.1046053539692
-2.01 4.059832715717281
-2.005 4.024959396342684
-2.0 4.0
-1.995 3.984959396342685
-1.99 3.9798327157172846
-1.985 3.984605353969199
-1.98 3.999252986855222
-1.975 4.023741594048621
-1.97 4.058027492713116
-1.965 4.102057380612525
-1.96 4.155768388713691
-1.955 4.219088143230572
-1.95 4.291934837048466
-1.945 4.374217310457746
-1.94 4.465835141117488
-1.935 4.566678743160189
-1.93 4.67662947533981
-1.925 4.795559758116321
-1.92 4.92333319956137
-1.915 5.05980472996057
-1.91 5.204820744979854
-1.905 5.358219257254385
-1.9 5.5198300562505285
-1.895 5.689474876243098
-1.89 5.866967572242118
-1.885 6.0521143036954035
-1.88 6.244713725785895
-1.875 6.444557188134534
-1.87 6.651428940713109
-1.865 6.865106346763488
-1.86 7.085360102513096
-1.855 7.311954463470239
-1.85 7.544647477075271
-1.845 7.783191221478697
-1.84 8.027332050210035
-1.835 8.276810842496285
-1.83 8.531363258982847
-1.825 8.790720002604544
-1.82 9.054607084349268
-1.815 9.322746093652203
-1.81 9.594854473153227
-1.805 9.870645797547091
-1.8 10.14983005625053
-1.795 10.43211393960771
-1.79 10.717201128351453
-1.785 11.004792586034592
-1.78 11.29458685414275
-1.775 11.586280349597704
-1.77 11.879567664356967
-1.765 12.174141866814866
-1.76 12.469694804706874
-1.755 12.765917409218723
-1.75 13.062500000000004
-1.745 13.359132590781286
-1.74 13.655505195293134
-1.735 13.951308133185142
-1.73 14.24623233564304
-1.725 14.539969650402305
-1.72 14.832213145857256
-1.715 15.122657413965417
-1.71 15.410998871648555
-1.705 15.6969360603923
-1.7 15.980169943749479
-1.695 16.260404202452918
-1.69 16.537345526846778
-1.685 16.810703906347804
-1.68 17.08019291565074
-1.675 17.345529997395463
-1.67 17.606436741017163
-1.665 17.86263915750372
-1.66 18.11386794978997
-1.655 18.35985877852131
-1.65 18.600352522924734
-1.645 18.835095536529767
-1.64 19.063839897486908
-1.635 19.286343653236518
-1.63 19.502371059286897
-1.625 19.711692811865472
-1.62 19.91408627421411
-1.615 20.1093356963046
-1.61 20.297232427757887
-1.605 20.477575123756907
-1.6 20.650169943749475
-1.595 20.81483074274562
-1.59 20.971379255020153
-1.585 21.119645270039435
-1.58 21.259466800438638
-1.575 21.390690241883682
-1.57 21.513170524660193
-1.565 21.626771256839817
-1.56 21.731364858882515
-1.555 21.826832689542258
-1.55 21.913065162951536
-1.545 21.989961856769433
-1.54 22.05743161128631
-1.535 22.115392619387478
-1.53 22.163772507286886
-1.525 22.202508405951377
-1.52 22.231547013144777
-1.515 22.2508446460308
-1.51 22.260367284282715
-1.505 22.260090603657318
-1.5 22.25
-1.495 22.230090603657317
-1.49 22.200367284282716
-1.485 22.160844646030803
-1.48 22.11154701314478
-1.475 22.05250840595138
-1.47 21.983772507286886
-1.465 21.905392619387477
-1.46 21.81743161128631
-1.455 21.71996185676943
-1.45 21.613065162951536
-1.445 21.496832689542252
-1.44 21.371364858882515
-1.435 21.236771256839813
-1.43 21.093170524660188
-1.425 20.94069024188368
-1.42 20.779466800438634
-1.415 20.60964527003943
-1.41 20.431379255020147
-1.405 20.244830742745616
-1.4 20.050169943749474
-1.395 19.847575123756904
-1.39 19.63723242775788
-1.385 19.419335696304596
-1.38 19.194086274214104
-1.375 18.96169281186547
-1.37 18.722371059286893
-1.365 18.476343653236512
-1.36 18.223839897486904
-1.355 17.96509553652976
-1.35 17.700352522924728
-1.345 17.429858778521304
-1.34 17.153867949789966
-1.335 16.872639157503713
-1.33 16.586436741017156
-1.325 16.295529997395455
-1.32 16.000192915650732
-1.315 15.700703906347798
-1.31 15.397345526846774
-1.305 15.090404202452909
-1.3 14.78016994374947
-1.295 14.466936060392293
-1.29 14.150998871648547
-1.285 13.83265741396541
-1.28 13.51221314585725
-1.275 13.189969650402297
-1.27 12.86623233564304
-1.265 12.541308133185135
-1.26 12.215505195293128
-1.255 11.88913259078127
-1.25 11.562499999999996
-1.245 11.235917409218725
-1.24 10.909694804706866
-1.235 10.58414186681486
-1.23 10.259567664356952
-1.225 9.936280349597697
-1.22 9.614586854142754
-1.215 9.294792586034575
-1.21 8.977201128351446
-1.205 8.662113939607712
-1.2 8.349830056250521
-1.195 8.040645797547086
-1.19 7.734854473153213
-1.185 7.432746093652196
-1.18 7.13460708434927
-1.175 6.84072000260453
-1.17 6.551363258982838
-1.165 6.266810842496287
-1.16 5.9873320502100285
-1.155 5.71319122147869
-1.15 5.444647477075259
-1.145 5.181954463470235
-1.14 4.925360102513097
-1.135 4.675106346763477
-1.13 4.431428940713103
-1.125 4.194557188134523
-1.12 3.9647137257858907
-1.115 3.7421143036954057
-1.11 3.5269675722421105
-1.105 3.3194748762430946
-1.1 3.11983005625053
-1.095 2.9282192572543817
-1.09 2.744820744979849
-1.085 2.569804729960561
-1.08 2.4033331995613665
-1.075 2.24555975811632
-1.07 2.096629475339803
-1.065 1.956678743160186
-1.06 1.8258351411174871
-1.055 1.704217310457743
-1.05 1.5919348370484627
-1.045 1.4890881432305676
-1.04 1.3957683887136891
-1.035 1.312057380612524
-1.03 1.2380274927131136
-1.025 1.1737415940486216
-1.02 1.119252986855221
-1.015 1.0746053539691989
-1.01 1.0398327157172833
-1.005 1.0149593963426824
-1.0 1.0
-0.995 0.9949593963426828
-0.99 0.9998327157172842
-0.985 1.0146053539691984
-0.98 1.0392529868552227
-0.975 1.0737415940486237
-0.97 1.1180274927131126
-0.965 1.172057380612527
-0.96 1.2357683887136908
-0.955 1.3090881432305697
-0.95 1.3919348370484652
-0.945 1.4842173104577494
-0.94 1.5858351411174887
-0.935 1.696678743160188
-0.93 1.8166294753398038
-0.925 1.945559758116321
-0.92 2.0833331995613626
-0.915 2.229804729960563
-0.91 2.384820744979848
-0.905 2.5482192572543845
-0.9 2.7198300562505278
-0.895 2.8994748762430964
-0.89 3.0869675722421057
-0.885 3.2821143036954084
-0.88 3.4847137257858876
-0.875 3.6945571881345263
-0.87 3.9114289407131135
-0.865 4.1351063467634805
-0.86 4.365360102513106
-0.855 4.601954463470239
-0.85 4.844647477075271
-0.845 5.093191221478694
-0.84 5.34733205021004
-0.835 5.606810842496292
-0.83 5.871363258982851
-0.825 6.1407200026045325
-0.82 6.4146070843492815
-0.815 6.6927460936522
-0.81 6.974854473153218
-0.805 7.260645797547082
-0.8 7.549830056250528
-0.795 7.842113939607708
-0.79 8.137201128351451
-0.785 8.434792586034572
-0.78 8.734586854142757
-0.775 9.036280349597694
-0.77 9.339567664356958
-0.765 9.644141866814854
-0.76 9.949694804706873
-0.755 10.25591740921872
-0.75 10.562500000000002
-0.745 10.869132590781284
-0.74 11.17550519529313
-0.735 11.481308133185149
-0.73 11.786232335643046
-0.725 12.08996965040231
-0.72 12.392213145857246
-0.715 12.692657413965431
-0.71 12.990998871648552
-0.705 13.286936060392296
-0.7 13.580169943749475
-0.695 13.87040420245292
-0.69 14.157345526846786
-0.685 14.440703906347803
-0.68 14.720192915650722
-0.675 14.995529997395469
-0.67 15.266436741017152
-0.665 15.532639157503711
-0.66 15.793867949789965
-0.655 16.04985877852131
-0.65 16.300352522924733
-0.645 16.545095536529765
-0.64 16.783839897486892
-0.635 17.016343653236518
-0.63 17.24237105928689
-0.625 17.461692811865476
-0.62 17.674086274214115
-0.615 17.879335696304597
-0.61 18.07723242775789
-0.605 18.267575123756906
-0.6 18.450169943749472
-0.595 18.624830742745623
-0.59 18.791379255020153
-0.585 18.94964527003944
-0.58 19.099466800438634
-0.575 19.24069024188368
-0.57 19.373170524660196
-0.565 19.496771256839814
-0.56 19.61136485888251
-0.555 19.716832689542255
-0.55 19.813065162951535
-0.545 19.89996185676943
-0.54 19.977431611286313
-0.535 20.045392619387474
-0.53 20.103772507286887
-0.525 20.15250840595138
-0.52 20.191547013144778
-0.515 20.2208446460308
-0.51 20.240367284282716
-0.505 20.250090603657316
-0.5 20.25
-0.495 20.240090603657315
-0.49 20.220367284282716
-0.485 20.1908446460308
-0.48 20.15154701314478
-0.475 20.102508405951376
-0.47 20.04377250728689
-0.465 19.975392619387474
-0.46 19.89743161128631
-0.455 19.80996185676943
-0.45 19.713065162951537
-0.445 19.60683268954225
-0.44 19.491364858882513
-0.435 19.36677125683981
-0.43 19.233170524660196
-0.425 19.090690241883678
-0.42 18.939466800438634
-0.415 18.779645270039435
-0.41 18.611379255020147
-0.405 18.434830742745618
-0.4 18.250169943749473
-0.395 18.057575123756905
-0.39 17.857232427757893
-0.385 17.649335696304597
-0.38 17.434086274214113
-0.375 17.211692811865476
-0.37 16.982371059286887
-0.365 16.746343653236515
-0.36 16.5038398974869
-0.355 16.255095536529762
-0.35 16.00035252292473
-0.345 15.739858778521304
-0.34 15.47386794978997
-0.335 15.202639157503715
-0.33 14.926436741017154
-0.325 14.645529997395467
-0.32 14.360192915650726
-0.315 14.070703906347806
-0.31 13.77734552684678
-0.305 13.480404202452915
-0.3 13.180169943749473
-0.295 12.876936060392293
-0.29 12.570998871648545
-0.285 12.262657413965423
-0.28 11.952213145857248
-0.275 11.63996965040231
-0.27 11.326232335643045
-0.265 11.011308133185144
-0.26 10.695505195293135
-0.255 10.379132590781284
-0.25 10.0625
-0.245 9.745917409218716
-0.24 9.429694804706866
-0.235 9.114141866814855
-0.23 8.799567664356957
-0.225 8.48628034959769
-0.22 8.174586854142753
-0.215 7.864792586034573
-0.21 7.55720112835145
-0.205 7.252113939607706
-0.2 6.949830056250525
-0.195 6.650645797547084
-0.19 6.354854473153218
-0.185 6.062746093652194
-0.18 5.774607084349274
-0.175 5.490720002604532
-0.17 5.211363258982849
-0.165 4.936810842496287
-0.16 4.667332050210035
-0.155 4.403191221478695
-0.15 4.144647477075269
-0.145 3.891954463470234
-0.14 3.645360102513104
-0.135 3.405106346763481
-0.13 3.1714289407131133
-0.125 2.9445571881345245
-0.12 2.724713725785884
-0.115 2.5121143036954043
-0.11 2.306967572242108
-0.105 2.1094748762430964
-0.1 1.9198300562505253
-0.095 1.7382192572543804
-0.09 1.5648207449798495
-0.085 1.3998047299605627
-0.08 1.2433331995613628
-0.075 1.0955597581163214
-0.07 0.9566294753398044
-0.065 0.8266787431601887
-0.06 0.7058351411174861
-0.055 0.5942173104577453
-0.05 0.49193483704846486
-0.045 0.3990881432305695
-0.04 0.31576838871368906
-0.035 0.24205738061252546
-0.03 0.17802749271311313
-0.025 0.12374159404862084
-0.02 0.07925298685522186
-0.015 0.04460535396919951
-0.01 0.019832715717283733
-0.005 0.004959396342684386
0.0 0.0
0.005 0.004959396342684386
0.01 0.019832715717283733
0.015 0.04460535396919951
0.02 0.07925298685522186
0.025 0.12374159404862084
0.03 0.17802749271311313
0.035 0.24205738061252546
0.04 0.31576838871368906
0.045 0.3990881432305695
0.05 0.49193483704846486
0.055 0.5942173104577453
0.06 0.7058351411174861
0.065 0.8266787431601887
0.07 0.9566294753398044
0.075 1.0955597581163214
0.08 1.2433331995613628
0.085 1.3998047299605627
0.09 1.5648207449798495
0.095 1.7382192572543804
0.1 1.9198300562505253
0.105 2.1094748762430964
0.11 2.306967572242108
0.115 2.5121143036954043
0.12 2.724713725785884
0.125 2.9445571881345245
0.13 3.1714289407131133
0.135 3.405106346763481
0.14 3.645360102513104
0.145 3.891954463470234
0.15 4.144647477075269
0.155 4.403191221478695
0.16 4.667332050210035
0.165 4.936810842496287
0.17 5.211363258982849
0.175 5.490720002604532
0.18 5.774607084349274
0.185 6.062746093652194
0.19 6.354854473153218
0.195 6.650645797547084
0.2 6.949830056250525
0.205 7.252113939607706
0.21 7.55720112835145
0.215 7.864792586034573
0.22 8.174586854142753
0.225 8.48628034959769
0.23 8.799567664356957
0.235 9.114141866814855
0.24 9.429694804706866
0.245 9.745917409218716
0.25 10.0625
0.255 10.379132590781284
0.26 10.695505195293135
0.265 11.011308133185144
0.27 11.326232335643045
0.275 11.63996965040231
0.28 11.952213145857248
0.285 12.262657413965423
0.29 12.570998871648545
0.295 12.876936060392293
0.3 13.180169943749473
0.305 13.480404202452915
0.31 13.77734552684678
0.315 14.070703906347806
0.32 14.360192915650726
0.325 14.645529997395467
0.33 14.926436741017154
0.335 15.202639157503715
0.34 15.47386794978997
0.345 15.739858778521304
0.35 16.00035252292473
0.355 16.255095536529762
0.36 16.5038398974869
0.365 16.746343653236515
0.37 16.982371059286887
0.375 17.211692811865476
0.38 17.434086274214113
0.385 17.649335696304597
0.39 17.857232427757893
0.395 18.057575123756905
0.4 18.250169943749473
0.405 18.434830742745618
0.41 18.611379255020147
0.415 18.779645270039435
0.42 18.939466800438634
0.425 19.090690241883678
0.43 19.233170524660196
0.435 19.36677125683981
0.44 19.491364858882513
0.445 19.60683268954225
0.45 19.713065162951537
0.455 19.80996185676943
0.46 19.89743161128631
0.465 19.975392619387474
0.47 20.04377250728689
0.475 20.102508405951376
0.48 20.15154701314478
0.485 20.1908446460308
0.49 20.220367284282716
0.495 20.240090603657315
0.5 20.25
0.505 20.250090603657316
0.51 20.240367284282716
0.515 20.2208446460308
0.52 20.191547013144778
0.525 20.15250840595138
0.53 20.103772507286887
0.535 20.045392619387474
0.54 19.977431611286313
0.545 19.89996185676943
0.55 19.813065162951535
0.555 19.716832689542255
0.56 19.61136485888251
0.565 19.496771256839814
0.57 19.373170524660196
0.575 19.24069024188368
0.58 19.099466800438634
0.585 18.94964527003944
0.59 18.791379255020153
0.595 18.624830742745623
0.6 18.450169943749472
0.605 18.267575123756906
0.61 18.07723242775789
0.615 17.879335696304597
0.62 17.674086274214115
0.625 17.461692811865476
0.63 17.24237105928689
0.635 17.016343653236518
0.64 16.783839897486892
0.645 16.545095536529765
0.65 16.300352522924733
0.655 16.04985877852131
0.66 15.793867949789965
0.665 15.532639157503711
0.67 15.266436741017152
0.675 14.995529997395469
0.68 14.720192915650722
0.685 14.440703906347803
0.69 14.157345526846786
0.695 13.87040420245292
0.7 13.580169943749475
0.705 13.286936060392296
0.71 12.990998871648552
0.715 12.692657413965431
0.72 12.392213145857246
0.725 12.08996965040231
0.73 11.786232335643046
0.735 11.481308133185149
0.74 11.17550519529313
0.745 10.869132590781284
0.75 10.562500000000002
0.755 10.25591740921872
0.76 9.949694804706873
0.765 9.644141866814854
0.77 9.339567664356958
0.775 9.036280349597694
0.78 8.734586854142757
0.785 8.434792586034572
0.79 8.137201128351451
0.795 7.842113939607708
0.8 7.549830056250528
0.805 7.260645797547082
0.81 6.974854473153218
0.815 6.6927460936522
0.82 6.4146070843492815
0.825 6.1407200026045325
0.83 5.871363258982851
0.835 5.606810842496292
0.84 5.34733205021004
0.845 5.093191221478694
0.85 4.844647477075271
0.855 4.601954463470239
0.86 4.365360102513106
0.865 4.1351063467634805
0.87 3.9114289407131135
0.875 3.6945571881345263
0.88 3.4847137257858876
0.885 3.2821143036954084
0.89 3.0869675722421057
0.895 2.8994748762430964
0.9 2.7198300562505278
0.905 2.5482192572543845
0.91 2.384820744979848
0.915 2.229804729960563
0.92 2.0833331995613626
0.925 1.945559758116321
0.93 1.8166294753398038
0.935 1.696678743160188
0.94 1.5858351411174887
0.945 1.4842173104577494
0.95 1.3919348370484652
0.955 1.3090881432305697
0.96 1.2357683887136908
0.965 1.172057380612527
0.97 1.1180274927131126
0.975 1.0737415940486237
0.98 1.0392529868552227
0.985 1.0146053539691984
0.99 0.9998327157172842
0.995 0.9949593963426828
1.0 1.0
1.005 1.0149593963426824
1.01 1.0398327157172833
1.015 1.0746053539691989
1.02 1.119252986855221
1.025 1.1737415940486216
1.03 1.2380274927131136
1.035 1.312057380612524
1.04 1.3957683887136891
1.045 1.4890881432305676
1.05 1.5919348370484627
1.055 1.704217310457743
1.06 1.8258351411174871
1.065 1.956678743160186
1.07 2.096629475339803
1.075 2.24555975811632
1.08 2.4033331995613665
1.085 2.569804729960561
1.09 2.744820744979849
1.095 2.9282192572543817
1.1 3.11983005625053
1.105 3.3194748762430946
1.11 3.5269675722421105
1.115 3.7421143036954057
1.12 3.9647137257858907
1.125 4.194557188134523
1.13 4.431428940713103
1.135 4.675106346763477
1.14 4.925360102513097
1.145 5.181954463470235
1.15 5.444647477075259
1.155 5.71319122147869
1.16 5.9873320502100285
1.165 6.266810842496287
1.17 6.551363258982838
1.175 6.84072000260453
1.18 7.13460708434927
1.185 7.432746093652196
1.19 7.734854473153213
1.195 8.040645797547086
1.2 8.349830056250521
1.205 8.662113939607712
1.21 8.977201128351446
1.215 9.294792586034575
1.22 9.614586854142754
1.225 9.936280349597697
1.23 10.259567664356952
1.235 10.58414186681486
1.24 10.909694804706866
1.245 11.235917409218725
1.25 11.562499999999996
1.255 11.88913259078127
1.26 12.215505195293128
1.265 12.541308133185135
1.27 12.86623233564304
1.275 13.189969650402297
1.28 13.51221314585725
1.285 13.83265741396541
1.29 14.150998871648547
1.295 14.466936060392293
1.3 14.78016994374947
1.305 15.090404202452909
1.31 15.397345526846774
1.315 15.700703906347798
1.32 16.000192915650732
1.325 16.295529997395455
1.33 16.586436741017156
1.335 16.872639157503713
1.34 17.153867949789966
1.345 17.429858778521304
1.35 17.700352522924728
1.355 17.96509553652976
1.36 18.223839897486904
1.365 18.476343653236512
1.37 18.722371059286893
1.375 18.96169281186547
1.38 19.194086274214104
1.385 19.419335696304596
1.39 19.63723242775788
1.395 19.847575123756904
1.4 20.050169943749474
1.405 20.244830742745616
1.41 20.431379255020147
1.415 20.60964527003943
1.42 20.779466800438634
1.425 20.94069024188368
1.43 21.093170524660188
1.435 21.236771256839813
1.44 21.371364858882515
1.445 21.496832689542252
1.45 21.613065162951536
1.455 21.71996185676943
1.46 21.81743161128631
1.465 21.905392619387477
1.47 21.983772507286886
1.475 22.05250840595138
1.48 22.11154701314478
1.485 22.160844646030803
1.49 22.200367284282716
1.495 22.230090603657317
1.5 22.25
1.505 22.260090603657318
1.51 22.260367284282715
1.515 22.2508446460308
1.52 22.231547013144777
1.525 22.202508405951377
1.53 22.163772507286886
1.535 22.115392619387478
1.54 22.05743161128631
1.545 21.989961856769433
1.55 21.913065162951536
1.555 21.826832689542258
1.56 21.731364858882515
1.565 21.626771256839817
1.57 21.513170524660193
1.575 21.390690241883682
1.58 21.259466800438638
1.585 21.119645270039435
1.59 20.971379255020153
1.595 20.81483074274562
1.6 20.650169943749475
1.605 20.477575123756907
1.61 20.297232427757887
1.615 20.1093356963046
1.62 19.91408627421411
1.625 19.711692811865472
1.63 19.502371059286897
1.635 19.286343653236518
1.64 19.063839897486908
1.645 18.835095536529767
1.65 18.600352522924734
1.655 18.35985877852131
1.66 18.11386794978997
1.665 17.86263915750372
1.67 17.606436741017163
1.675 17.345529997395463
1.68 17.08019291565074
1.685 16.810703906347804
1.69 16.537345526846778
1.695 16.260404202452918
1.7 15.980169943749479
1.705 15.6969360603923
1.71 15.410998871648555
1.715 15.122657413965417
1.72 14.832213145857256
1.725 14.539969650402305
1.73 14.24623233564304
1.735 13.951308133185142
1.74 13.655505195293134
1.745 13.359132590781286
1.75 13.062500000000004
1.755 12.765917409218723
1.76 12.469694804706874
1.765 12.174141866814866
1.77 11.879567664356967
1.775 11.586280349597704
1.78 11.29458685414275
1.785 11.004792586034592
1.79 10.717201128351453
1.795 10.43211393960771
1.8 10.14983005625053
1.805 9.870645797547091
1.81 9.594854473153227
1.815 9.322746093652203
1.82 9.054607084349268
1.825 8.790720002604544
1.83 8.531363258982847
1.835 8.276810842496285
1.84 8.027332050210035
1.845 7.783191221478697
1.85 7.544647477075271
1.855 7.311954463470239
1.86 7.085360102513096
1.865 6.865106346763488
1.87 6.651428940713109
1.875 6.444557188134534
1.88 6.244713725785895
1.885 6.0521143036954035
1.89 5.866967572242118
1.895 5.689474876243098
1.9 5.5198300562505285
1.905 5.358219257254385
1.91 5.204820744979854
1.915 5.05980472996057
1.92 4.92333319956137
1.925 4.795559758116321
1.93 4.67662947533981
1.935 4.566678743160189
1.94 4.465835141117488
1.945 4.374217310457746
1.95 4.291934837048466
1.955 4.219088143230572
1.96 4.155768388713691
1.965 4.102057380612525
1.97 4.058027492713116
1.975 4.023741594048621
1.98 3.999252986855222
1.985 3.984605353969199
1.99 3.9798327157172846
1.995 3.984959396342685
2.0 4.0
2.005 4.024959396342684
2.01 4.059832715717281
2.015 4.1046053539692
2.02 4.159252986855222
2.025 4.2237415940486205
2.03 4.298027492713109
2.035 4.382057380612526
2.04 4.475768388713687
2.045 4.5790881432305675
2.05 4.691934837048457
2.055 4.8142173104577495
2.06 4.945835141117485
2.065 5.086678743160183
2.07 5.2366294753398
2.075 5.395559758116324
2.08 5.563333199561365
2.085 5.739804729960563
2.09 5.924820744979838
2.095 6.11821925725439
2.1 6.319830056250522
2.105 6.529474876243091
2.11 6.746967572242101
2.115 6.9721143036954105
2.12 7.20471372578589
2.125 7.444557188134528
2.13 7.6914289407131005
2.135 7.945106346763469
2.14 8.2053601025131
2.145 8.471954463470231
2.15 8.744647477075263
2.155 9.023191221478672
2.16 9.307332050210043
2.165 9.596810842496279
2.17 9.891363258982835
2.175 10.190720002604518
2.18 10.494607084349276
2.185 10.802746093652196
2.19 11.114854473153217
2.195 11.430645797547065
2.2 11.749830056250538
2.205 12.0721139396077
2.21 12.397201128351444
2.215 12.724792586034564
2.22 13.054586854142759
2.225 13.386280349597696
2.23 13.719567664356958
2.235 14.054141866814838
2.24 14.389694804706883
2.245 14.725917409218713
2.25 15.062499999999995
2.255 15.399132590781276
2.26 15.735505195293104
2.265 16.07130813318515
2.27 16.40623233564303
2.275 16.739969650402294
2.28 17.07221314585723
2.285 17.402657413965425
2.29 17.730998871648545
2.295 18.05693606039229
2.3 18.38016994374945
2.305 18.700404202452923
2.31 19.01734552684677
2.315 19.330703906347793
2.32 19.640192915650715
2.325 19.94552999739547
2.33 20.246436741017156
2.335 20.54263915750371
2.34 20.833867949789948
2.345 21.119858778521316
2.35 21.400352522924727
2.355 21.67509553652976
2.36 21.94383989748689
2.365 22.206343653236523
2.37 22.46237105928689
2.375 22.711692811865465
2.38 22.954086274214106
2.385 23.189335696304582
2.39 23.41723242775789
2.395 23.6375751237569
2.4 23.85016994374947
2.405 24.054830742745605
2.41 24.251379255020154
2.415 24.43964527003943
2.42 24.61946680043863
2.425 24.79069024188367
2.43 24.953170524660198
2.435 25.106771256839814
2.44 25.25136485888251
2.445 25.386832689542246
2.45 25.51306516295154
2.455 25.62996185676943
2.46 25.73743161128631
2.465 25.83539261938747
2.47 25.92377250728689
2.475 26.002508405951378
2.48 26.07154701314478
2.485 26.130844646030795
2.49 26.180367284282717
2.495 26.22009060365732
2.5 26.25
2.505 26.270090603657316
2.51 26.28036728428272
2.515 26.2808446460308
2.52 26.27154701314478
2.525 26.25250840595138
2.53 26.22377250728689
2.535 26.18539261938748
2.54 26.13743161128631
2.545 26.07996185676943
2.55 26.01306516295154
2.555 25.936832689542257
2.56 25.851364858882512
2.565 25.75677125683982
2.57 25.65317052466021
2.575 25.54069024188367
2.58 25.419466800438638
2.585 25.289645270039443
2.59 25.15137925502015
2.595 25.00483074274561
2.6 24.850169943749478
2.605 24.687575123756897
2.61 24.5172324277579
2.615 24.339335696304595
2.62 24.154086274214123
2.625 23.961692811865476
2.63 23.7623710592869
2.635 23.556343653236546
2.64 23.343839897486884
2.645 23.12509553652977
2.65 22.900352522924752
2.655 22.669858778521313
2.66 22.433867949789963
2.665 22.192639157503724
2.67 21.946436741017152
2.675 21.695529997395482
2.68 21.440192915650726
2.685 21.180703906347823
2.69 20.917345526846784
2.695 20.650404202452933
2.7 20.38016994374948
2.705 20.106936060392286
2.71 19.83099887164856
2.715 19.552657413965452
2.72 19.272213145857226
2.725 18.98996965040231
2.73 18.706232335643058
2.735 18.421308133185143
2.74 18.13550519529312
2.745 17.849132590781288
2.75 17.562500000000025
2.755 17.275917409218728
2.76 16.989694804706893
2.765 16.70414186681487
2.77 16.419567664356954
2.775 16.136280349597705
2.78 15.85458685414279
2.785 15.574792586034558
2.79 15.297201128351457
2.795 15.022113939607728
2.8 14.749830056250532
2.805 14.48064579754708
2.81 14.214854473153231
2.815 13.952746093652188
2.82 13.694607084349283
2.825 13.44072000260453
2.83 13.191363258982864
2.835 12.946810842496287
2.84 12.707332050210052
2.845 12.4731912214787
2.85 12.244647477075262
2.855 12.021954463470243
2.86 11.805360102513125
2.865 11.595106346763462
2.87 11.391428940713109
2.875 11.194557188134537
2.88 11.004713725785884
2.885 10.822114303695418
2.89 10.64696757224211
2.895 10.479474876243112
2.9 10.319830056250531
2.905 10.168219257254396
2.91 10.024820744979854
2.915 9.889804729960561
2.92 9.76333319956137
2.925 9.645559758116336
2.93 9.536629475339799
2.935 9.43667874316019
2.94 9.345835141117494
2.945 9.264217310457745
2.95 9.191934837048462
2.955 9.129088143230572
2.96 9.075768388713689
2.965 9.032057380612526
2.97 8.998027492713115
2.975 8.973741594048626
2.98 8.959252986855223
2.985 8.9546053539692
2.99 8.959832715717285
2.995 8.974959396342683
3.0 9.0
3.005 9.034959396342686
3.01 9.079832715717282
3.015 9.1346053539692
3.02 9.199252986855221
3.025 9.273741594048621
3.03 9.358027492713111
3.035 9.452057380612525
3.04 9.555768388713682
3.045 9.669088143230567
3.05 9.791934837048455
3.055 9.924217310457742
3.06 10.065835141117487
3.065 10.216678743160182
3.07 10.376629475339792
3.075 10.545559758116331
3.08 10.723333199561363
3.085 10.909804729960554
3.09 11.104820744979845
3.095 11.30821925725439
3.1 11.51983005625052
3.105 11.7394748762431
3.11 11.966967572242101
3.115 12.20211430369541
3.12 12.444713725785874
3.125 12.694557188134524
3.13 12.9514289407131
3.135 13.215106346763449
3.14 13.485360102513114
3.145 13.761954463470229
3.15 14.044647477075248
3.155 14.333191221478685
3.16 14.62733205021004
3.165 14.926810842496275
3.17 15.23136325898285
3.175 15.540720002604514
3.18 15.854607084349274
3.185 16.172746093652172
3.19 16.494854473153215
3.195 16.820645797547062
3.2 17.149830056250522
3.205 17.482113939607714
3.21 17.81720112835144
3.215 18.154792586034542
3.22 18.494586854142774
3.225 18.83628034959769
3.23 19.179567664356938
3.235 19.52414186681485
3.24 19.86969480470688
3.245 20.21591740921871
3.25 20.56250000000001
3.255 20.909132590781272
3.26 21.255505195293104
3.265 21.60130813318513
3.27 21.946232335643046
3.275 22.28996965040229
3.28 22.632213145857207
3.285 22.97265741396544
3.29 23.310998871648543
3.295 23.64693606039227
3.3 23.980169943749466
3.305 24.310404202452922
3.31 24.63734552684677
3.315 24.960703906347806
3.32 25.28019291565071
3.325 25.595529997395467
3.33 25.90643674101714
3.335 26.21263915750371
3.34 26.513867949789947
3.345 26.809858778521303
3.35 27.100352522924737
3.355 27.385095536529757
3.36 27.663839897486874
3.365 27.936343653236534
3.37 28.20237105928689
3.375 28.46169281186546
3.38 28.71408627421411
3.385 28.95933569630458
3.39 29.19723242775789
3.395 29.42757512375689
3.4 29.650169943749468
3.405 29.864830742745603
3.41 30.071379255020148
3.415 30.26964527003944
3.42 30.459466800438626
3.425 30.64069024188366
3.43 30.8131705246602
3.435 30.97677125683981
3.44 31.131364858882502
3.445 31.276832689542253
3.45 31.41306516295154
3.455 31.539961856769423
3.46 31.657431611286313
3.465 31.76539261938747
3.47 31.86377250728689
3.475 31.952508405951377
3.48 32.031547013144774
3.485 32.100844646030794
3.49 32.16036728428272
3.495 32.21009060365732
3.5 32.25
3.505 32.280090603657314
3.51 32.300367284282714
3.515 32.3108446460308
3.52 32.311547013144775
3.525 32.30250840595138
3.53 32.28377250728689
3.535 32.25539261938748
3.54 32.217431611286315
3.545 32.16996185676943
3.55 32.11306516295154
3.555 32.046832689542256
3.56 31.971364858882513
3.565 31.886771256839815
3.57 31.793170524660212
3.575 31.690690241883672
3.58 31.579466800438638
3.585 31.459645270039445
3.59 31.331379255020156
3.595 31.194830742745612
3.6 31.05016994374948
3.605 30.8975751237569
3.61 30.7372324277579
3.615 30.569335696304595
3.62 30.394086274214125
3.625 30.211692811865476
3.63 30.0223710592869
3.635 29.826343653236545
3.64 29.62383989748689
3.645 29.415095536529773
3.65 29.20035252292475
3.655 28.97985877852131
3.66 28.753867949789964
3.665 28.52263915750373
3.67 28.286436741017148
3.675 28.045529997395484
3.68 27.80019291565073
3.685 27.550703906347827
3.69 27.297345526846783
3.695 27.040404202452937
3.7 26.780169943749485
3.705 26.516936060392286
3.71 26.25099887164856
3.715 25.982657413965455
3.72 25.712213145857227
3.725 25.439969650402308
3.73 25.166232335643063
3.735 24.891308133185145
3.74 24.61550519529312
3.745 24.33913259078129
3.75 24.06250000000003
3.755 23.785917409218726
3.76 23.509694804706896
3.765 23.234141866814873
3.77 22.959567664356953
3.775 22.68628034959771
3.78 22.41458685414279
3.785 22.144792586034562
3.79 21.87720112835146
3.795 21.612113939607735
3.8 21.349830056250532
3.805 21.090645797547083
3.81 20.834854473153236
3.815 20.58274609365219
3.82 20.334607084349287
3.825 20.090720002604534
3.83 19.851363258982865
3.835 19.616810842496292
3.84 19.387332050210052
3.845 19.1631912214787
3.85 18.944647477075264
3.855 18.73195446347024
3.86 18.525360102513126
3.865 18.32510634676347
3.87 18.131428940713114
3.875 17.94455718813454
3.88 17.76471372578589
3.885 17.592114303695418
3.89 17.426967572242113
3.895 17.269474876243113
3.9 17.11983005625053
3.905 16.978219257254395
3.91 16.844820744979856
3.915 16.71980472996056
3.92 16.60333319956137
3.925 16.495559758116336
3.93 16.3966294753398
3.935 16.30667874316019
3.94 16.225835141117496
3.945 16.154217310457746
3.95 16.091934837048463
3.955 16.039088143230572
3.96 15.995768388713687
3.965 15.962057380612526
3.97 15.938027492713113
3.975 15.923741594048625
3.98 15.919252986855225
3.985 15.924605353969202
3.99 15.939832715717285
3.995 15.964959396342685
4.0 16.0
4.005 16.044959396342684
4.01 16.099832715717284
4.015 16.164605353969193
4.02 16.23925298685521
4.025 16.323741594048624
4.03 16.41802749271312
4.035 16.522057380612527
4.04 16.635768388713682
4.045 16.759088143230567
4.05 16.891934837048456
4.055 17.03421731045774
4.06 17.185835141117472
4.065 17.3466787431602
4.07 17.516629475339805
4.075 17.695559758116328
4.08 17.883333199561363
4.085 18.07980472996055
4.09 18.284820744979843
4.095 18.498219257254366
4.1 18.719830056250498
4.105 18.9494748762431
4.11 19.186967572242125
4.115 19.432114303695407
4.12 19.684713725785873
4.125 19.944557188134524
4.13 20.2114289407131
4.135 20.48510634676345
4.14 20.765360102513082
4.145 21.0519544634702
4.15 21.344647477075277
4.155 21.643191221478688
4.16 21.947332050210036
4.165 22.256810842496275
4.17 22.57136325898285
4.175 22.890720002604514
4.18 23.214607084349236
4.185 23.54274609365217
4.19 23.874854473153253
4.195 24.210645797547098
4.2 24.549830056250517
4.205 24.89211393960771
4.21 25.237201128351437
4.215 25.584792586034542
4.22 25.934586854142736
4.225 26.286280349597654
4.23 26.639567664356978
4.235 26.994141866814854
4.24 27.34969480470688
4.245 27.70591740921871
4.25 28.062500000000007
4.255 28.419132590781267
4.26 28.7755051952931
4.265 29.131308133185126
4.27 29.486232335643006
4.275 29.839969650402328
4.28 30.192213145857245
4.285 30.54265741396544
4.29 30.89099887164854
4.295 31.236936060392267
4.3 31.58016994374946
4.305 31.920404202452882
4.31 32.257345526846734
4.315 32.59070390634781
4.32 32.920192915650745
4.325 33.245529997395465
4.33 33.566436741017135
4.335 33.882639157503704
4.34 34.19386794978995
4.345 34.4998587785213
4.35 34.800352522924705
4.355 35.09509553652979
4.36 35.3838398974869
4.365 35.66634365323654
4.37 35.94237105928689
4.375 36.21169281186546
4.38 36.474086274214116
4.385 36.72933569630458
4.39 36.97723242775786
4.395 37.21757512375689
4.4 37.45016994374949
4.405 37.67483074274563
4.41 37.89137925502014
4.415 38.09964527003944
4.42 38.29946680043863
4.425 38.490690241883655
4.43 38.67317052466018
4.435 38.846771256839794
4.44 39.01136485888252
4.445 39.166832689542254
4.45 39.31306516295154
4.455 39.44996185676943
4.46 39.577431611286315
4.465 39.69539261938747
4.47 39.80377250728688
4.475 39.90250840595137
4.48 39.99154701314478
4.485 40.07084464603081
4.49 40.14036728428272
4.495 40.200090603657316
4.5 40.25
4.505 40.29009060365732
4.51 40.32036728428272
4.515 40.3408446460308
4.52 40.35154701314478
4.525 40.35250840595138
4.53 40.343772507286886
4.535 40.32539261938748
4.54 40.297431611286314
4.545 40.259961856769436
4.55 40.21306516295154
4.555 40.156832689542256
4.56 40.09136485888252
4.565 40.0167712568398
4.57 39.9331705246602
4.575 39.84069024188368
4.58 39.73946680043864
4.585 39.62964527003945
4.59 39.51137925502015
4.595 39.384830742745635
4.6 39.2501699437495
4.605 39.1075751237569
4.61 38.95723242775788
4.615 38.799335696304595
4.62 38.63408627421413
4.625 38.461692811865476
4.63 38.2823710592869
4.635 38.096343653236545
4.64 37.90383989748692
4.645 37.7050955365298
4.65 37.50035252292473
4.655 37.28985877852132
4.66 37.073867949789964
4.665 36.85263915750373
4.67 36.62643674101715
4.675 36.395529997395485
4.68 36.16019291565076
4.685 35.920703906347825
4.69 35.67734552684676
4.695 35.430404202452905
4.7 35.18016994374949
4.705 34.92693606039229
4.71 34.670998871648564
4.715 34.412657413965455
4.72 34.15221314585726
4.725 33.88996965040234
4.73 33.62623233564303
4.735 33.361308133185155
4.74 33.09550519529313
4.745 32.82913259078129
4.75 32.56250000000003
4.755 32.29591740921873
4.76 32.0296948047069
4.765 31.76414186681487
4.77 31.49956766435699
4.775 31.23628034959768
4.78 30.974586854142757
4.785 30.714792586034566
4.79 30.457201128351457
4.795 30.20211393960773
4.8 29.949830056250537
4.805 29.700645797547118
4.81 29.454854473153265
4.815 29.2127460936522
4.82 28.97460708434926
4.825 28.740720002604533
4.83 28.511363258982872
4.835 28.286810842496287
4.84 28.06733205021006
4.845 27.8531912214787
4.85 27.64464747707529
4.855 27.441954463470225
4.86 27.245360102513107
4.865 27.055106346763473
4.87 26.871428940713116
4.875 26.69455718813454
4.88 26.524713725785887
4.885 26.36211430369542
4.89 26.20696757224213
4.895 26.059474876243108
4.9 25.919830056250518
4.905 25.788219257254383
4.91 25.664820744979856
4.915 25.54980472996056
4.92 25.443333199561373
4.925 25.345559758116334
4.93 25.25662947533981
4.935 25.176678743160203
4.94 25.10583514111749
4.945 25.044217310457753
4.95 24.99193483704846
4.955 24.949088143230576
4.96 24.915768388713694
4.965 24.892057380612528
4.97 24.878027492713116
4.975 24.873741594048624
4.98 24.87925298685522
4.985 24.8946053539692
4.99 24.919832715717284
4.995 24.95495939634268
5.0 25.0
5.005 25.05495939634268
5.01 25.11983271571728
5.015 25.194605353969187
5.02 25.27925298685521
5.025 25.37374159404862
5.03 25.478027492713114
5.035 25.592057380612523
5.04 25.715768388713684
5.045 25.849088143230567
5.05 25.991934837048454
5.055 26.14421731045774
5.06 26.305835141117473
5.065 26.4766787431602
5.07 26.656629475339805
5.075 26.84555975811633
5.08 27.04333319956136
5.085 27.24980472996055
5.09 27.464820744979843
5.095 27.68821925725438
5.1 27.919830056250497
5.105 28.15947487624312
5.11 28.406967572242095
5.115 28.662114303695404
5.12 28.924713725785892
